4:
0.004
0.005
0.007
0.004
0.007
0.003
0.004
0.006
0.005
0.006

5:
0.007
0.003
0.015
0.005
0.009
0.006
0.005
0.020
0.007
0.014

6:
0.254
0.266
0.225
0.033
0.267
0.176
0.217
0.175
0.046
0.183

7:
0.091
0.117
0.056
0.040
0.120
0.072
0.302
0.083
0.235
0.091

8:
0.430
0.192
0.108
0.438
0.490
0.222
0.289
0.171
0.217
0.122

9:
0.295
0.285
0.143
0.839
0.241
0.409
0.195
0.702
0.331
0.451

10:
1.357
2.024
0.789
0.573
0.437
0.440
0.783
0.381
0.516
0.545

11:
1.978
2.815
0.751
1.074
1.245
2.452
1.378
2.585
1.791
0.632

12:
2.792
2.273
2.191
0.928
3.402
2.030
1.411
3.680
1.216
0.808

13:
1.156
7.266
1.434
1.191
1.936
1.625
1.691
2.321
2.190
1.840

14:
4.553
4.959
4.223
2.576
4.272
12.968
2.432
4.572
3.209
3.446

15:
3.853
8.228
4.677
4.728
4.592
5.395
15.916
5.379
10.028
7.505


16:
9.755
17.459
8.129
11.160
4.924
10.090
4.315
13.983
5.985
3.471

17:
11.506
44.202
11.503
4.768
4.673
15.578
10.401
6.254
6.339
16.434


18:
56.075
27.954
9.933
21.790
13.981
17.706
13.182
5.983
18.154
7.282

19:
20.041
6.542
35.612
15.858
19.356
14.838
40.185
22.523
5.344
25.040

20:
21.874
57.276
15.522
19.456
17.441
11.564
8.322
14.304
10.247
43.739
