6
demorou: 4.494
[0, 0, 4, 4, 4, 4, 4, 0, 5, 5, 5, 5, 4, 4]
5
demorou: 2.121
[0, 0, 5, 5, 5, 5, 0, 1, 6, 6, 6, 5, 4, 0]
2
demorou: 1.212
[0, 0, 6, 0, 7, 6, 1, 2, 7, 7, 6, 5, 0, 1]
3
demorou: 1.325
[2, 0, 7, 1, 0, 7, 2, 3, 8, 8, 7, 1, 0, 2]
6
demorou: 0.577
[2, 2, 8, 0, 0, 7, 2, 0, 9, 9, 8, 1, 0, 0]
4
demorou: 0.111
[9, 5, 9, 1, 1, 0, 1, 1, 10, 10, 1, 0, 0, 0]
2
demorou: 0.106
[9, 9, 10, 0, 3, 2, 0, 0, 10, 0, 2, 1, 1, 1]
1
demorou: 0.11
[15, 9, 0, 1, 4, 3, 1, 1, 11, 1, 1, 0, 0, 1]
4
demorou: 0.031
[18, 13, 1, 2, 5, 0, 1, 1, 1, 0, 2, 1, 1, 2]
3
demorou: 0.002
[18, 18, 0, 0, 0, 1, 2, 2, 2, 1, 2, 1, 1, 0]
6
demorou: 0.004
[23, 18, 0, 0, 0, 1, 2, 0, 0, 0, 0, 2, 2, 0]
5
demorou: 0.001
[23, 18, 1, 0, 0, 1, 0, 1, 1, 0, 0, 2, 0, 1]
6
demorou: 0.005
[25, 18, 1, 0, 0, 1, 0, 0, 0, 0, 0, 0, 1, 2]
ganhei!
