6
demorou: 0.612
[0, 0, 5, 5, 5, 5, 4, 0, 5, 5, 5, 5, 4, 0]
5
demorou: 0.35
[0, 0, 6, 6, 6, 5, 0, 1, 6, 6, 6, 5, 0, 1]
4
demorou: 0.274
[0, 0, 7, 1, 8, 6, 1, 2, 7, 7, 6, 0, 1, 2]
6
demorou: 0.24
[2, 2, 8, 0, 0, 7, 2, 3, 8, 8, 7, 1, 0, 0]
3
demorou: 0.105
[2, 5, 9, 1, 1, 8, 0, 0, 9, 9, 0, 2, 1, 1]
2
demorou: 0.049
[9, 9, 10, 2, 2, 1, 0, 0, 10, 0, 2, 1, 1, 1]
3
demorou: 0.045
[9, 9, 10, 0, 3, 2, 0, 0, 10, 0, 0, 2, 2, 1]
1
demorou: 0.026
[15, 13, 1, 2, 5, 4, 0, 0, 0, 2, 2, 1, 1, 2]
6
demorou: 0.006
[18, 18, 0, 0, 5, 0, 1, 1, 1, 0, 2, 1, 1, 0]
3
demorou: 0.003
[18, 18, 0, 0, 0, 1, 2, 2, 2, 1, 0, 2, 2, 0]
5
demorou: 0.001
[23, 18, 1, 0, 0, 1, 2, 0, 0, 0, 0, 2, 0, 1]
4
demorou: 0.001
[23, 18, 1, 0, 0, 1, 0, 1, 1, 0, 0, 0, 1, 2]
